$ 1 0.000005 10.20027730826997 50 5 43 5e-11
t 560 240 624 240 0 -1 4.2639764926173696 -0.37154435024896326 100 default
t 560 240 496 240 0 -1 0 -0.6507439948060822 100 default
w 496 256 496 304 0
w 496 304 560 304 0
w 560 304 560 240 0
w 496 304 496 336 0
174 496 336 480 416 1 1000 0.5 Resistance
w 480 384 448 384 0
w 448 384 448 432 0
w 448 432 496 432 0
w 496 432 496 464 0
g 496 528 496 576 0 0
r 496 224 496 176 0 10
R 496 176 496 144 0 0 40 5 0 0 0.5
r 624 224 624 176 0 10.05
w 624 160 624 176 0
R 624 128 624 96 0 0 40 5 0 0 0.5
f 656 144 624 144 33 1.5 20
w 656 144 736 144 0
R 736 144 800 144 0 0 40 5 0 0 0.5
370 624 256 624 384 1 0 0
g 624 384 624 416 0 0
370 496 464 496 528 1 0 0
